0000000000000000000000000
0000000000000000000000000
0000000000000000000000000
0000000000000000000000000
0000000000000000000000000
0000000000000000000000000
0000000000000000000000000
0000000000000000000000000
0000000000000000000000000
0000000000000000000000000
0000000000000000000000000
0000000000000000000000000
0000000000000000000000000
0000000000000000000000000
0000000000000000000000000
0000000000000000000000000
0000000000000000000000000
0000000000000000000000000
0000000000000000000000000
0000000000000000000000000
0000000000000000000000000
0000000000000000000000000
0000000000000000000000000
0000000000000000000000000
0000000000000000000000000
===
0000000000000000000000000
0000000000000000000000000
0000000000000000000000000
0000000000000000000000000
0000000000000000000000000
0000000000000000000000000
0000000000000000000000000
0000000000000000000000000
0000000000000000000000000
0000000000000000000000000
0000000000000000000000000
0000000000033300000000000
0000000000033300000000000
0000000000033300000000000
0000000000000000000000000
0000000000000000000000000
0000000000000000000000000
0000000000000000000000000
0000000000000000000000000
0000000000000000000000000
0000000000000000000000000
0000000000000000000000000
0000000000000000000000000
0000000000000000000000000
0000000000000000000000000
===
0000000000000000000000000
0000000000000000000000000
0000000000000000000000000
0000000000000000000000000
0000003333333333333300000
0000000000000000000000000
0000000000000000000000000
0000000000000000000000000
0000000000000000000000000
0000000000000000000000000
0000000000000000000000000
0000000000000000000000000
0000000000000000000000000
0000000000000000000000000
0000000000000000000000000
0000000000000000000000000
0000000000000000000000000
0000000000000000000000000
0000000000000000000000000
0000000000000000000000000
0000003333333333333300000
0000000000000000000000000
0000000000000000000000000
0000000000000000000000000
0000000000000000000000000
===
0000000000000000000000000
0000000000000000000000000
0000000000000000000000000
0003330000000000000333000
0003000000000000000003000
0003000000000000000003000
0000000000000000000000000
0000000000000000000000000
0000000000000000000000000
0000000000000000000000000
0000000000000000000000000
0000000000003000000000000
0000000000033300000000000
0000000000003000000000000
0000000000000000000000000
0000000000000000000000000
0000000000000000000000000
0000000000000000000000000
0000000000000000000000000
0003000000000000000003000
0003000000000000000003000
0003330000000000000333000
0000000000000000000000000
0000000000000000000000000
0000000000000000000000000
===
0000000000000000000000000
0000000000000000000000000
0000000000000000000000000
0000000000000000000000000
0000033333333333333300000
0000030000000000000300000
0000030000000000000300000
0000000000000000000000000
0000000000000000000000000
0000000003300033000000000
0000000003000003000000000
0000000000000000000000000
0000000000000000000000000
0000000000000000000000000
0000000003000003000000000
0000000003300033000000000
0000000000000000000000000
0000000000000000000000000
0000030000000000000300000
0000030000000000000300000
0000033333333333333300000
0000000000000000000000000
0000000000000000000000000
0000000000000000000000000
0000000000000000000000000
===
0000000000000000000000000
0000000000000000000000000
0000000000000000000000000
0000000000000000000000000
0000333333333333333330000
0000000000003000000000000
0000000000003000000000000
0000000000003000000000000
0000000000003000000000000
0000000000003000000000000
0000000000003000000000000
0000000000003000000000000
0000000000003000000000000
0000000000003000000000000
0000000000003000000000000
0000000000003000000000000
0000000000003000000000000
0000000000003000000000000
0000000000003000000000000
0000000000003000000000000
0000333333333333333330000
0000000000000000000000000
0000000000000000000000000
0000000000000000000000000
0000000000000000000000000
===
0000000000000000000000000
0000000000000000000000000
0000000000000000000000000
0000000000000000000000000
0000000000000000000000000
0000030000000000000300000
0000003000000000003000000
0000000300000000030000000
0000000030000000300000000
0000000003000003000000000
0000000000300030000000000
0000000000033300000000000
0000000000033300000000000
0000000000033300000000000
0000000000300030000000000
0000000003000003000000000
0000000030000000300000000
0000000300000000030000000
0000003000000000003000000
0000030000000000000300000
0000000000000000000000000
0000000000000000000000000
0000000000000000000000000
0000000000000000000000000
0000000000000000000000000
===
3333333333333333333333333
3000000000000000000000003
3000000000000000000000003
3000000000000000000000003
3000000000000000000000003
3000000000000000000000003
3000000000000000000000003
3000000000000000000000003
3000000000000000000000003
3000000000000000000000003
3000000000000000000000003
3000000000000000000000003
3000000000000000000000003
3000000000000000000000003
3000000000000000000000003
3000000000000000000000003
3000000000000000000000003
3000000000000000000000003
3000000000000000000000003
3000000000000000000000003
3000000000000000000000003
3000000000000000000000003
3000000000000000000000003
3000000000000000000000003
3333333333333333333333333